74
133873124250558539948997517502394519439977418139486368087540622886492131994443422718220459268060250774808439586238636399013353109136028459012157735516960567489959821021332914000915168906545728973691584281351484360397474711803353058892066485674689710832124662785315909970114405457368015319429535253721239570869
178822541994027147193065556255501507899000950984277686421330013551550145224920089960386125984628313361880145282942029671001278233162408176891520672473595616164639637143338312091270736216909658586511438035180949503523381462692815902472212183298125923247062033879114936405767449850042220577020821660836148490557
110275932873307412454702611961594527505822491128319681741203142746469741928715590973047010352773253333332908585468884501275085115281051848943693567746912287836403234368137278026909183052910768667058151786647986262321046589759924212671476203205931338882004529226436297804422894522741889477989366085725242019647
167563017623198863440228081177239463902091165718095296077712676502665921065851076353258889641312834841020832998137218655670875587723548427415415069054602558137572456042409643121184809429772858900352652148247768626859960699752468802434393984602126293425800686678774778486630969578813555546758687315192720226917
165567583280237192239817685438782946162206610149679863739651029217229279094552450743767441599632287513692538499230198007777796681855463328065683204177732439085816542102947999205457795906534216155257121096771782859166582774730626407741859119737081804679990020918554714327733255523399723749011303011133152789427
144641162012074188092433515843349050862707618739212999319474578217337195202075555461543504136333379000609766668960282829562877068290499685897010457317201965202174456975502688807188810275482399105374436075013250618955670215453753924054763136523722655023625646348065135480846869006759074538070279535163692247147
166334267389847194547978409688769360012049829861018757512299033490321777022301533149279699516740654419050459182934980230224977011084428207602201896722971458207843053371808207751497500257582442099333486117976705593324334214553200722930282018540465458987265270162966111044581582195092020063268262837157907934579
103352215160450126512714158826258721136757220837979657015020671290230505367416903354333740926386536799068163714757005278411739085907512195361611780717237758005944117953503262434421604836429702036495929905985414224168830556171319909637600981381674011543443790469334093129769211271067981668792902597467948199357
121812538228115506625744502463999473449484629185391189570433172258370601963228346652216078194127594846871163133558832325769103620831609121790286411772822379495379345933065761781994906404685413813494897679531189450351019500976806554608566166740119450977236035715986079329410073967356405569807008349660116113581
90385097876774574004216433363318877590614034215536933860381782625285483434653966116399644390385957158122536998893401479742883115309848997835624692789310801982755655395756323491472456058616243396416511309057793004407133223833071799531621341115452661903202246608444327959461368132142661679931744682340846962951
147444348586879633574621195264859233634802823196946893533258065650526544537267663877254110332196654346428000770608710517216039315392926669324947098309686119185380051704402790992278201847018199396765435343568282285091839672103670188541041646207177893007730840024266409319073846909887392860634613226933457471089
164508227547723105769580874714084066708674383916037612728633485452323037840012172302612358428874638349804274649165188139811701223814019945744921359330797046695747222254882423473726861000430863853593616641058116777078702744950454593625906223761076701179485637778731278203488516700416800338085025199147219394887
118522802327199355855348175186200588498008560743702083445135199864619070514414359692071581509930361000712800788735661061533431203375763168743945622007515857111980821204591990557117105370119252573890250303700323109133347020791590739154906952971316132917480367896503200582870096044506542043689089725143377793853
179260108764031558008338511147956367696230935873676429465967447149497809383905374600969887251828707588602235302949481266118753616259009382147759348086447218126737432953921004918823902101975796584260971968693389889099699238364263464003892749240865464115970274302227145024118380994218112604367564215869772320751
643808006803554439230129854961492699151386107534013432918073439524138264842370630061369715394739134090922937332590384720397133335969549256322620979036686633213903952966175107096769180017646161851573147596390153
449417999055441493994709297093108513015373787049558499205492347871729927573118262811508386655998299074566974373711472560655026288668094291699357843464363003144674940345912431129144354948751003607115263071543163
230975859993204150666423538988557839555560243929065415434980904258310530753006723857139742334640122533598517597674807096648905501653461687601339782814316124971547968912893214002992086353183070342498989426570593
879976242195951958890801816612768566943805170226410617823301865416003514546684111640331356490455690766475339038983303063831818394885482954417406863802340357540397021808027209610884076158915519334125353771492979
110975366417606590833967199024636437460214709654546954443361638176229883140910302915147996598210506836614251268964446338737195911448213015377273363573074752120243818732263682864461580384738021460717565715722503
614865347947412054998871912138166461049314312490725112873271296842414474254904548663296952332559110113044820194651149624596490803942453669130989178203975581114455363503708800628353373554758750709244049339485669
578398945519096306104603034827967007926455254695946254913829507855980701574480395088152306664258445212434118755662305859296718511769019900797463787662982551299177055238677938544133928470423480135171841128166057
200603822195324642393516294012917598972967449320074999667103434371470616000652036570009912021332527788252300901905236578801044680456930305350440933538867383130165841118050781326291059830545891570648243241795871
827131507221654563937832686696200995595835694437983658840870036586124168186967796809117749047430768825822857042432722828096779098498192459819306321073968735177531164565305635281198148032612029767584644305912099
964274047248418797145090983157197980855078966882276492572788532954904112655338439361306213898569516593744267391754033306465125919199692703323878557833023573312685002670662846477592597659826113460619815244721311
5521712099665906221540423207019333379125265462121169655563495403888449493493629943498064604536961775110765377745550377067893607246020694972959780839151452457728855382113555867743022746090187341871655890805971735385789993
4946782989936100340978613497123536403877982451146544556273808762091798324131786901296914447941032157686179078664441136685285308194514561510468547070503372175965741554500684745583907201589782012163092815238527022395531847
1686497341353711305611314533713892867476872069660265164960400834285140167272334456461153902160145656434656190916734048745690082065807224646832960020851742291098965544262163963976377940891936112842489791084937115229985523
4024609901503260810269407468691203815597240980490831121441008103456384399515806457060473646208324881470459201945576188438333273668474345882626708030947627287590124455488557086128125418355846343248375161824453194911368553
1223732121978348827951458197820227525680598082341072276645780759681583360417187138594354507541463356813874495409408957017081660510467795014804337232026622609914227325767228218616048554077046428203445443447371782766463323
1617715056246752538785299000182419637404531613327842962881457112604034232033671282712980585771232452841883594826372983832472328460350049283645179688250138009533754345217561268639160328774125180445430290589378901663207059
5569632747079549601598178420932244414970531646975337735765307429600364098163302494170010799604994405157512160053825953960398479355068806977610414154008753377194113913520943719945884635263031964263024822919752634970219699
4891021710893690988763946224045710417218102588496868549989236905028009799077555460636509073566793265815113618300117434825710922545275968366140203221150934798358105201156858937809865608510532069388040797198645845053893329
3082620745243449401694587258115336002381779641367375950273829476342471735062725180901036226278130762025829992363923955707979142964213859746930138447696031315806586014398729784266819509742760398915336761425413832264717163
1645742825183467619487091143114742813111578265693364754500359034725510391201898956997827282590265473150210112121750332633893008983436472616485037774050768689235054669072556953131927823038824414275347022148320732189275923
56125680981752282333498088313568935051383833838594899821664631784577337171193624243181360054669678410455329112434552942717084003541384594864129940145043086760031292483340068923506115878221189886491132772739661669044958531131327771
33842087669314085922445541670258366617963547269871349157946397930021671072879057431968999155130964158826252278466715358308195987993086827188136033796484578574813585076823309337138021706520388123218024081641988010732647464860014933
63556399829835331952308746203320003046976892440596186268797010059920148204359911235920191263570262537797901436399163646602402069151710265676725083444680749168670016260057105903268204928263311884485983112346974646808220605856122413
25695117296461763226637390094361392410202888681972246015015616482456043135447255450090212538767136747061585519461591391690149785714912356898143322454744250574838470773113949042293937342467267728574177078625870667055683429587312037
21300201301629210452464119866388466834939209799796743744566215971019835934873713391025654608111703142839573952969146866196732314492859634538441409805139418615474981665588472532863079300348061212642715504474934450531890795747236331
38106758454920325419374791962420148010976790968384800173320135432994217408267883195973671635960451900291282983416672935366147588786416132622989521624086020960433610594480676881787661271594802197027745283959189724700467283256270403
38762217770011076543812558980103749234859497948714246622214162442205108754782773687842018087751465069758232680421784403844939497206445510513337080943785005155511815286799602210383243566108920435480682463875028936997633500773799647
32851821388794275994374291907684577477463192247701558137921750178596964806832152539714454184965573001529008083327769925416551124546909243647269222222136385653063227919905671969414694790703312697022313407087334414566987461854976977
12245442024374614689109712434724272673056459509314527349744503469345912205668622170940248748257546033159240098557771252551702406748969563113679865954698092482472205671770925537241038679473374235787361928891214113717891603697678797
41271733872267210121406786533931335908455178246240542085786249499513164373669477767257948610786612671289014957567551948850259753354379406851656244131227129708940056151731196095637855886900873713163739636895881967604705732739957041
433019240910377478217373572959560109819648647016096560523769010881172869083338285573756574557395862965095016483867813043663981946477698466501451832407592327356331263124555137732393938242285782144928753919588632679050799198937132922145084847
658385546911733550164516088405238961461880256029834598831972039469421755117818013653494814438931957316403111689187691446941406788869098983929874080332195117465344344350008880118042764943201875870917468833709791733282363323948005998269792207
631046060248729925310901897162524558757892947253360091376493465548881759500732321207310947252399572359255165803474695943110038180074419352488278424474341618599415520941229312656103885325688462411331647506617258539237678517515062029025882111
555930342800203269560493281582724297007323229545269515565579012169094819070209451773591842396562519380252706684512344033938908252241551898231885004212131994719956573451578988526291395886831310960617565446260750458144570897474910045788793641
963776490226810914179127416979112736599358462343660979133704637052985987395814985567964199253678349130533981848158045863245610061240372125223976414165504075241141636320276071785214612776961231843830877454050632964032066734998244033965101749
429658446338661686643493725510284110493599954226035820905785008443520381887917251101430906695273248229134343944968312754799687049087615143654956740908022486161773863760198918360760883640680471523406895493680359160538947211150254456062366151
301324137960315899820561048027348288330924961520646503519420540662482543144522433427373448331312307307161129547766561547892901485771895123906175962279608465429343603026135570815033813352165031141081975607881913019142452193449753529463010159
255112508897622985310494621898578485506502699374200456279537176322071752799387264311493082040326094068304025184818529912661589221508006459487667465358421280596050439152052898117848487594823639685476220238281599236511128329403379244547324431
120815570979701484704906977000760567182871429114712069861589084706550626575967516787438008593490722779337547394120718248995900363209947025063336882559539208430319216688889117222633155838468458047056355241515415159736436403445579777425189969
534263928796435965077261829036391545522904094953733451822909917110878745956911600280615705620571022574135290807990802800328210111615334824471145499122558846672862519090799997166472785212158821126257417115144412745386412468419250633060307007
5781538327977828897150909166778407659250458379645823062042492461576758526757490910073628008613977550546382774775570888130029763571528699574717583228939535960234464230882573615930384979100379102915657483866755371559811718767760594919456971354184113721
6325427919960049066585247837578372385418559154923477553398129089734082978096069693032859784967901396775824948679013568274245239986849282715816927424255093730637896848500237375779410539868274303393510928400955586603945601202203906813552017713600173613
1492570256548720374732301208879902359137917983867173994272189983450309885875603079183836460793371530399193231040790387787668214652923343652839663535300452717493890306237462478334618408530398739740148784591908095015529588056382197993192731852132121711
5236828875479032067717626462856300906381035007260718615838669162211131824655260246937578375433262328206499459275581209388342892208784057258717047490425447217362253059951830269996579032687344642379285373251685453043862105987293264183501516155981651569
3416125484651880824649192099235033527914617803403701054777894769025318772710175775793367341953921714553521186823810932269184143033013016793222402163346724187114477766138018341566351560693965548954433712778344922065660960958894751416275568079834471541
3351562074890167230083391509368112503869098374599796003635654799503899355174758198239453505687486433596497246873304366002321592590451377027005348252364824210559714523471418833219216916116147388330819474808244219362949572839911435299463967729262897331
5824421078329062231661703925118927928310286328165738268867852815434484509642046847544443271561762868449255836702783768439668236369695873851442739947344570206865335581934882878503907922778689256981157126938612413473544567951487131769605567058629704591
1389116249243716847348088927848659359447606893455263094651000788996986658678996011997982077310912124848525958777046944012259203097866174509363711195882419322015576431662790538354378481778662165275630720476067089175069283834501499113947948000501538579
4323346092613109891307052290123199455785484499957509745750729702800885657399569941917308395773741787567164616491760055180130522534159761264075022398480360164061969752257207458081319699735857058162958337506997245873382483871650030212685111549077234223
1246275559479061299298644314455030365736671553305041123673302337538397573962718173647508583160965003439879416570911665421215306729416694331034150486590389453006780681337725196359022826865582149542254102253880508139465982077332466235688121168520270413
19273843521026396942423041256702416467190916480829438372892895532230844179797565880221360136918107451198911623615771273474843394785083334295101581743836650077544389834600122094987552690583700099541822627492515524020980656689705115960283286209148940535104015337
67456772536997811174562843827334166492604722726798354062809571765666143205478154891520988418820829227136251602140592962830914859588069638333300746582776692720637910854613289610057151587251089921722318897093966945777208101090776716402383331743368026418397556891
42593488731436334558240129827571664214680272396207168234413236480365708090391898200141852152164946968094921114819348676422927981034847486684273805683705118394194048620602183332746250604729056069042068601678865748440018982946827563704509942977277090795264187849
16107407153096872818493782945957787561325375534122812732915532201840816254400467958193423121840372946330339589450123508622134774121104116098949168616561321246035895208358144099325905467103390396346965217633409955370491728893923457194644438929148135544797769069
49642196519287563890219771644794994818956271978536893649678493707106697740616207443433039867021200759433868948129547546653564382798817640018032929084872815787149827529492755939735263141371178259217768571082104248486704273772193856448675375667327678108529811271
10630035406473276537672417642319966571896173296326470196334200433213809269253309428418308671153351545251256200022353395036694442206579095070868233809133290885233924975320623561025978127184373556464786419456515838125085169778530098251536033042380621776798416689
25290181317443223202462289639535568588026980307751030325846138922434211534444969788237980189518561067454419530259429589051181436567403701018238964718203056168955426581729913704293743890489851209326371108494646496297959925452431230546049667449322574935832180327
60960130920852832345025772583794322476182120995079063265343175376976500914414814270586102634219293014759814314143899859216943973261216488178461281369867855351998227521639452187585065453508673607852739488682524197867887816471871859348497859187835981791349272159
58647870561379694776505017720198012685284549950782634875879337136907456988455829016630334078898426016854099512329679724649329704688926137344357301398956973920710342405083924140345133464332875812901929569113000763985040682896337370547264220717137594746886327761
50985706168761488366316382338014644105350894561341788683522249832194333902444754897729974158787863583439645933374661244079621367847162487366917832904994676462834272619451739021241059378594481762281376106663491397418420352316354537398792605354478235631207230857
